同时出现在A和B中的sn数字：
1517
1811
1833
1853
2277
3199
5502
6542
6811
8577
8633
9016
9066
9116
9177
9227
9277
9327
9377
9427
9477
11475
11651
12274
12529
12675
12753
12972
13068
13266
13503
13990
14556
14747
14873
14999
15397
15522
16460
16516
16604
16723
16773
16799
17185
17263
17354
17465
17503
17510
17532
17591
17613
17672
17686
17695
17704
18893
19902
21159
21190
21222
21394
21417
21495
21749
22416
34067
34876
35329
35490
36117
37345
37435
37533
37580
37693
38041
38412
38898
39559
39931
40039
40084
40323
40665
41124
41448
41876
42188
42583
42955
43235
43358
43698
44157
44481
44909
45221
45616
45905
46030
46428
46823
47262
47668
47691
48018
48358
48517
48645
48864
48952
49234
49269
49423
49562
49655
49819
49828
49916
50134
50412
50563
50691
50780
50905
51040
51636
52040
52074
52131
52484
52865
53034
53554
53992
54434
55290
55656
55714
55827
56078
56783
57171
57857
58198
58655
59157
59678
60067
60152
60556
61115
61463
62075
62381
62767
63191
63296
63816
64343
64638
64978
65163
65192
65672
65838
65965
65973
66059
66224
66286
66398
66581
66597
66684
66823
66831
66920
66955
67060
67069
67099
67135
67155
67173
67191
67209
67227
67245
67388
67400
67532
67548
67554
67796
67804
67810
67874
67916
68134
68957
69175
69217
69253
69622
69861
69951
70450
70707
71134
71523
71986
72252
72389
72481
72635
73209
73475
73994
74259
74643
75069
75460
75788
75870
76122
76606
76994
77665
78089
78488
78796
78875
79292
79800
80095
80478
80527
80961
80964
80978
81125
81252
81260
81266
81366
81490
81538
81580
81600
81685
81868
81876
81882
81949
82074
82082
82164
82199
82211
82346
82382
82402
82414
82426
82438
82450
82462
82497
82592
82722
82738
82744
82842
82976
82984
82990
83054
83096
83140
83319
84637
84772
84900
84936
85062
85431
85677
86016
86045
86914
87334
87427
87576
87987
88285
88858
89117
89497
89845
90406
90806
90879
91174
91634
92141
92732
93084
93419
93697
93857
94222
94737
95007
95391
95440
95949
95952
95966
96026
96209
96217
96223
96323
96383
96480
96552
96605
96617
96636
96786
96794
96800
96848
96973
96981
97062
97093
97105
97156
97226
97262
97282
97294
97305
97317
97329
97341
97376
97388
97407
97419
97428
97468
97551
97637
97776
97868
97906
97925
98096
101814
101875
102110
102134
102246
102273
102441
102894
103247
103705
103954
104328
104629
104912
105306
105382
105626
106035
106332
106804
107087
107441
107705
107798
108086
108604
108887
109308
109345
109744
109747
109761
109821
110004
110012
110018
110118
110178
110223
110247
110317
110337
110390
110450
110609
110617
110623
110690
110815
110823
110905
110929
110941
110992
111002
111118
111138
111150
111162
111174
111186
111198
111233
111256
111268
111277
111370
111378
111384
111483
111597
111605
111611
111642
111680
111724
111731
111834
112272
112361
112445
112466
112706
113070
113334
113397
113994
114267
114638
115479
115940
116035
116210
116623
116928
117520
117663
117824
118232
118604
119033
119483
119575
119836
120288
120653
121185
121587
122011
122310
122397
122723
123182
123420
123838
123861
124277
124280
124294
124354
124537
124545
124551
124651
124711
124756
124763
124772
124788
124864
124917
124929
124948
124960
124969
125019
125092
125100
125106
125183
125308
125316
125398
125422
125434
125485
125495
125504
125534
125584
125596
125608
125620
125632
125644
125705
125729
125801
125897
125905
125911
125985
126119
126127
126133
126197
126239
126283
126290
126408
126860
126935
127019
127040
127201
127523
127754
127769
127834
128486
128740
129062
129808
130128
130234
130383
130734
131111
131608
131940
132240
132503
132853
133097
133213
133483
133928
134230
134659
134980
135296
135536
135615
135962
136282
136407
136645
136729
137121
137152
137763
137766
137779
137839
138038
138046
138052
138152
138212
138253
138260
138269
138285
138291
138333
138353
138406
138418
138437
138449
138458
138508
138581
138589
138595
138672
138797
138805
138887
138911
138923
138993
139037
139098
139118
139130
139142
139154
139166
139178
139213
139225
139244
139256
139265
139317
139383
139391
139397
139471
139609
139617
139623
139683
139725
139769
139776
139883
140188
140267
140351
140372
140599
141034
141320
141420
141816
142073
142530
143353
143710
143805
143987
144575
145002
145426
145743
146185
146567
147000
147220
147314
147572
148101
148544
149006
149368
149703
150066
150167
150497
150855
151094
151537
151586
152310
152313
152327
152387
152568
152576
152582
152682
152742
152787
152794
152803
152819
152825
152867
152887
152940
152952
152971
152983
152992
153042
153115
153123
153129
153206
153331
153339
153421
153445
153457
153508
153518
153527
153543
153549
153580
153600
153612
153624
153636
153648
153660
153695
153707
153726
153738
153747
153799
153872
153880
153886
153989
154123
154131
154137
154201
154243
154287
154294
154418
154687
154801
154888
154909
155114
155547
155890
156056
156417
156720
157099
158028
158453
158582
158731
159377
159771
160232
160574
160937
161551
161952
162211
162293
162358
162673
163304
163757
164207
164614
165057
165440
165604
165984
166239
166544
167052
167082
167705
167708
167722
167782
167963
167971
167977
168083
168143
168188
168195
168204
168220
168226
168268
168288
168341
168353
168372
168384
168393
168443
168516
168524
168530
168640
168765
168773
168855
168879
168891
168942
168952
168961
168977
168983
169014
169034
169046
169058
169070
169082
169094
169129
169141
169160
169172
169181
169233
169306
169314
169320
169423
169557
169565
169571
169635
169677
169721
169728
169849
170105
170196
170282
170303
170565
171015
171348
171505
171852
172164
172572
173605
173903
174003
174178
174653
175046
175465
175749
176132
176614
177160
177382
177430
177472
177723
178232
178754
179131
179460
179847
180242
180417
180862
181176
181456
181852
181965
182524
182527
182541
182601
182782
182790
182796
182902
182962
183016
183026
183035
183051
183057
183099
183119
183172
183184
183203
183215
183224
183274
183347
183355
183361
183471
183596
183604
183686
183710
183722
183773
183783
183792
183808
183814
183845
183865
183877
183889
183901
183913
183925
183960
183972
183991
184003
184012
184064
184137
184145
184151
184254
184392
184400
184406
184470
184512
184556
184563
184707
184879
185278
185386
185608
186469
187088
187140
187619
187820
